3840 Reading mfc file: logspec/EY_full/j960522a_72171.80-7200_40filts.lspec
3840 26 frames in the file
3840  15.45  16.18  13.43  16.56  17.86  16.12  19.81  20.38  17.56  16.05  14.25  15.35  14.71  15.11  13.70  14.14  15.08  15.19  15.14  15.85  17.22  19.05  18.41  17.87  17.46  18.91  18.24  16.07  15.74  14.99  16.20  17.34  16.76  15.83  14.82  14.01  13.80  11.96  11.45  12.82 
3840  16.43  16.83  13.84  17.60  18.36  17.05  21.31  21.50  17.91  17.56  16.12  16.89  16.54  16.67  15.49  15.62  16.26  16.77  15.75  16.70  17.96  19.25  19.19  18.67  17.92  19.29  19.53  17.73  17.37  16.49  17.79  18.93  18.43  17.13  15.58  15.58  14.73  13.42  13.10  14.28 
3840  16.51  16.85  12.62  17.65  18.32  17.21  21.28  20.83  18.36  18.60  16.80  17.24  16.75  16.37  15.08  15.63  16.05  16.67  14.77  16.76  17.77  18.68  19.08  18.54  18.07  19.54  19.01  18.91  17.66  17.47  17.97  19.25  18.78  17.49  15.28  14.14  13.47  11.90  11.45  13.45 
3840  16.66  16.99  13.47  17.72  18.44  17.40  20.92  19.96  18.65  18.90  16.95  17.29  16.57  15.95  13.90  15.67  16.09  16.23  14.22  16.78  17.30  18.37  18.87  18.52  18.76  19.45  19.94  19.54  17.24  17.97  18.44  19.30  18.45  17.23  15.53  14.83  14.14  12.36  11.79  12.95 
3840  16.82  17.01  13.49  17.88  18.40  17.74  20.78  19.63  18.98  18.98  17.10  17.19  16.30  15.46  14.45  15.90  16.01  15.44  15.30  16.76  16.52  18.31  18.72  18.32  19.31  19.20  20.84  19.82  17.80  17.85  18.41  19.03  18.47  17.40  15.52  14.90  14.58  12.28  11.78  12.20 
3840  16.78  17.09  13.04  17.91  18.40  17.76  20.76  19.57  19.01  19.01  17.14  17.12  16.01  15.06  14.89  15.76  15.73  14.68  15.73  16.45  15.73  18.01  18.20  19.06  19.52  18.79  21.06  19.04  18.58  17.85  18.15  18.90  18.42  17.42  15.63  15.55  14.73  12.71  11.39  12.75 
3840  16.82  16.97  12.66  18.00  18.29  18.10  20.72  19.26  19.08  18.86  17.18  16.90  16.09  14.83  14.96  15.81  15.47  14.60  15.70  16.29  15.17  17.78  17.68  18.97  19.28  18.78  20.74  18.61  18.51  17.49  17.84  19.03  18.61  17.71  15.45  14.75  13.85  11.81  11.42  13.22 
3840  16.76  16.85  12.46  18.07  18.19  18.41  20.74  19.03  19.01  18.59  17.27  16.74  16.28  14.68  14.34  15.91  15.39  14.71  15.10  16.30  14.74  17.50  17.32  18.74  19.40  19.20  20.57  19.13  18.58  17.31  17.99  18.99  18.49  17.37  15.36  14.45  13.66  11.29  11.89  12.94 
3840  16.67  16.71  13.50  18.09  18.07  18.72  20.71  18.69  18.98  18.36  17.30  16.47  16.29  14.11  13.99  15.86  15.26  14.75  15.03  16.49  15.06  17.08  17.88  18.90  19.59  19.36  20.42  19.47  18.35  17.41  18.15  18.84  18.06  16.72  15.35  15.30  14.52  11.36  11.64  13.36 
3840  16.64  16.51  13.38  18.13  17.96  18.94  20.66  18.34  18.97  18.08  17.27  16.24  16.34  13.73  13.57  15.87  15.51  15.01  14.95  16.35  15.98  16.90  18.93  18.73  19.82  19.25  20.57  19.79  17.74  17.46  18.27  18.47  18.06  16.60  15.74  15.56  14.61  12.14  11.71  13.45 
3840  16.50  16.37  14.00  18.11  17.95  19.14  20.69  18.17  18.83  17.83  17.17  16.04  16.35  13.86  13.82  15.74  15.59  15.09  14.91  16.19  16.44  16.72  19.36  18.24  19.54  19.05  20.31  19.59  17.18  17.29  18.03  18.54  18.13  16.43  15.52  15.14  14.25  12.15  11.21  13.14 
3840  16.47  16.23  13.37  18.14  17.86  19.35  20.80  18.09  18.65  17.44  17.10  15.96  16.28  13.95  13.90  15.58  15.55  14.99  14.89  15.94  16.63  16.73  19.37  17.71  19.11  18.91  20.02  19.38  17.23  17.39  18.01  18.56  18.01  16.55  15.33  14.97  14.28  11.92  11.52  12.87 
3840  16.41  16.21  14.14  18.11  17.86  19.54  20.93  18.27  18.37  17.22  17.00  15.86  16.24  14.08  13.99  15.37  15.56  14.91  14.73  15.86  16.80  16.78  19.31  17.90  18.91  18.95  19.70  19.49  17.18  17.61  18.19  18.66  17.76  16.46  15.80  15.46  14.58  12.11  11.16  12.76 
3840  16.38  16.15  13.30  18.14  17.82  19.69  21.01  18.18  18.07  16.80  16.78  15.67  16.12  14.30  14.20  15.11  15.54  14.91  14.67  15.74  16.88  16.90  19.19  18.75  18.64  19.18  19.35  19.04  17.00  17.53  18.27  18.98  17.84  16.74  15.83  15.41  14.49  12.22  11.42  13.11 
3840  16.32  16.24  13.74  18.13  17.96  19.78  21.12  18.36  17.62  16.47  16.57  15.57  16.07  14.16  14.07  14.83  15.36  14.95  14.50  15.61  16.67  16.66  19.04  18.70  18.27  18.68  19.01  18.58  16.40  17.36  17.92  18.74  17.94  16.69  16.03  15.52  14.38  12.98  12.51  13.13 
3840  16.31  16.31  12.99  18.21  18.04  19.75  21.21  18.59  17.12  16.09  16.30  15.42  15.90  14.19  14.04  14.90  15.02  14.71  14.29  15.61  16.46  16.27  18.75  17.87  18.11  18.86  18.76  18.29  16.24  16.99  18.03  18.39  17.71  16.63  16.46  16.21  15.10  14.43  13.82  13.42 
3840  16.29  16.40  13.38  18.22  18.30  19.52  21.21  18.87  16.30  15.66  15.75  15.09  15.69  13.95  13.96  14.78  14.67  14.47  14.00  15.41  16.23  16.26  18.85  18.17  17.94  19.05  18.59  18.22  16.33  16.60  17.81  18.41  17.33  16.24  14.70  14.29  13.34  11.35  10.85  12.39 
3840  16.24  16.33  12.72  18.30  18.29  19.17  21.12  19.02  15.03  15.01  15.15  14.66  15.41  13.94  14.42  14.21  14.54  14.64  14.60  15.14  16.27  16.79  18.94  18.97  18.02  19.07  18.99  17.67  16.60  16.13  17.49  18.59  17.37  16.46  14.98  14.23  13.56  11.29  11.17  13.18 
3840  16.06  16.00  13.93  18.25  18.05  19.36  20.97  18.57  15.12  14.49  14.63  13.89  14.92  14.28  14.52  13.76  14.51  14.81  14.90  14.93  16.01  17.34  18.90  19.88  19.05  18.63  19.28  17.48  16.07  15.30  16.32  17.25  16.53  15.27  14.17  13.59  12.44  10.65  10.39  12.29 
3840  15.77  15.59  14.43  18.24  17.63  19.74  20.74  17.52  15.78  14.30  14.18  13.51  14.17  14.35  13.76  13.52  14.34  14.81  14.63  14.78  16.13  17.39  19.22  20.34  19.39  18.46  19.53  17.96  16.15  16.09  16.49  16.63  15.96  14.63  13.20  13.27  12.06  10.54  10.74  12.08 
3840  15.50  14.98  15.26  18.04  17.10  20.09  20.41  16.42  16.10  13.71  13.32  13.16  13.04  13.96  12.89  13.28  14.12  14.67  14.11  14.51  16.07  17.09  19.30  19.91  18.78  18.87  19.68  17.57  16.02  15.41  15.96  16.27  15.96  14.88  13.13  13.17  11.50  10.65  10.75  11.84 
3840  15.09  14.10  16.05  17.53  17.24  20.37  19.65  16.36  15.75  13.25  12.42  12.73  13.08  13.16  12.83  13.06  13.78  13.93  13.73  14.53  15.64  16.76  19.11  19.59  18.77  18.84  18.50  16.01  14.85  14.08  14.57  15.34  15.48  15.39  12.74  11.86  11.05  10.49  11.03  11.85 
3840  14.41  13.34  16.46  16.76  18.81  19.99  18.04  16.62  14.75  14.28  12.88  12.61  12.73  12.18  12.12  12.64  12.82  12.71  13.64  14.41  15.16  16.30  19.08  18.49  17.88  18.80  16.90  14.96  13.61  13.14  14.12  15.09  15.11  14.97  12.35  11.55  10.69  10.56  10.67  11.13 
3840  13.57  14.71  15.88  16.37  17.42  18.71  17.63  15.76  14.99  13.98  11.99  11.37  12.11  12.03  11.82  12.39  12.23  12.09  12.82  13.80  14.43  16.59  18.49  17.91  18.03  18.21  15.71  14.15  13.19  13.43  14.67  15.35  14.29  14.01  12.08  10.79  10.58  10.37  10.19  11.84 
3840  11.99  13.92  14.17  15.69  16.82  17.48  15.41  14.40  13.98  12.46  10.00   9.49  11.06  10.42  10.35  10.72  11.21  10.74  11.30  12.86  14.04  15.99  17.18  16.37  16.98  16.90  14.08  12.77  11.84  11.66  13.42  14.31  12.34  12.37  10.60   9.81  10.14  10.13   9.66  10.63 
3840  11.32  12.09  12.98  14.24  15.35  15.05  13.86  12.51  12.02  10.43   8.58   7.33   7.77   8.40   8.26   8.70   9.33   9.02   9.52  10.99  12.91  14.35  13.63  14.05  14.96  13.56  11.16  10.22   8.80   9.34  10.44  11.01   9.53  10.26   8.77   8.42   8.06   8.31   8.44   8.77 
