1598 Reading mfc file: logspec/EY_full/j960531d_77887.80-7200_40filts.lspec
1598 11 frames in the file
1598  16.53  17.87  16.45  15.94  18.98  18.49  17.33  20.49  19.83  17.76  18.00  17.08  17.58  16.69  16.74  16.76  16.65  17.16  18.43  19.11  19.73  19.57  17.76  16.67  17.18  18.09  19.53  19.79  18.20  17.51  17.80  19.42  19.87  18.41  17.49  17.21  15.31  14.33  14.37  16.20 
1598  16.20  17.98  16.63  14.11  18.88  18.67  14.99  20.58  20.30  17.78  19.11  16.93  18.41  16.06  17.15  16.54  16.89  17.58  18.51  19.16  20.28  19.99  19.13  17.97  17.34  18.47  20.08  20.18  19.22  18.26  18.84  20.08  20.11  18.84  18.08  17.09  15.38  14.06  14.64  16.11 
1598  16.17  17.87  16.35  14.44  18.72  18.37  15.99  20.51  20.00  18.35  19.55  17.49  18.72  16.42  17.38  16.79  17.02  17.77  18.43  18.82  20.25  20.39  19.59  18.49  17.96  18.71  20.01  20.31  19.22  18.55  18.79  19.86  19.56  18.57  17.84  16.56  14.59  14.68  14.88  15.85 
1598  15.94  17.81  16.71  13.47  18.51  18.61  15.00  20.27  20.16  17.70  19.83  17.69  18.71  16.72  17.64  16.66  17.34  17.70  17.93  19.14  20.21  20.38  20.12  19.02  18.38  18.84  20.03  20.33  19.12  18.41  19.13  19.53  19.04  18.22  17.82  16.11  14.24  14.94  14.89  15.64 
1598  15.76  17.69  16.70  12.91  18.31  18.60  14.35  20.16  20.29  17.14  19.66  17.67  18.70  17.05  17.71  16.47  17.24  17.46  17.59  18.91  19.92  20.36  20.44  19.05  18.46  18.86  20.07  20.23  18.97  18.65  19.20  19.45  18.69  18.03  17.60  15.69  14.01  14.54  14.61  15.02 
1598  15.40  17.67  16.70  12.48  18.18  18.71  14.76  20.03  20.35  16.56  19.25  17.67  18.46  17.29  17.44  16.43  17.19  17.17  17.39  18.52  19.37  20.23  20.88  19.29  18.61  18.90  19.79  20.23  19.10  18.61  19.25  19.53  18.57  18.11  17.40  15.94  13.62  14.08  14.18  14.43 
1598  15.26  17.59  16.94  12.25  18.12  18.92  15.31  19.78  20.44  16.64  18.55  17.47  18.04  17.40  16.93  16.42  16.92  16.81  17.37  18.12  18.78  19.72  20.97  19.49  19.10  19.20  20.03  20.10  19.04  18.70  19.16  19.59  18.24  18.17  17.27  15.15  13.26  13.39  13.27  13.57 
1598  15.17  17.57  17.22  12.87  18.13  19.18  16.17  19.35  20.36  17.09  17.81  17.25  17.48  17.32  16.30  16.49  16.59  16.47  17.38  17.62  18.23  19.25  20.89  19.62  19.40  19.55  20.10  19.77  19.18  19.00  19.40  19.27  18.42  18.10  17.37  15.10  13.85  13.81  13.14  12.71 
1598  15.10  17.67  17.38  13.34  18.16  19.35  16.43  18.70  19.99  17.01  17.46  17.19  16.90  17.03  15.83  16.27  16.54  16.32  17.18  17.38  17.90  18.74  20.63  19.95  19.53  19.29  20.06  19.93  19.31  19.00  19.39  19.23  18.43  17.98  17.25  14.98  14.59  14.48  13.88  12.43 
1598  15.34  17.87  17.39  14.18  18.21  19.37  16.41  18.02  19.45  16.64  17.44  16.95  16.35  16.47  15.72  16.09  16.11  15.89  16.81  17.07  17.49  18.35  20.47  19.91  19.37  19.10  19.98  19.88  19.17  18.78  19.39  19.45  18.65  18.01  17.43  14.71  14.61  14.72  13.96  12.88 
1598  15.35  17.18  16.98  15.01  17.68  18.61  16.51  17.43  18.44  16.20  16.79  16.36  15.47  15.33  15.19  15.25  15.03  14.80  15.84  15.97  16.49  17.58  18.95  19.13  18.76  18.57  19.18  18.93  18.14  17.86  18.60  18.49  17.78  17.54  16.88  13.45  12.54  12.92  12.03  11.71 
