1598 Reading mfc file: logspec/EY_full/j960607a_78513.80-7200_40filts.lspec
1598 14 frames in the file
1598  13.69  16.00  16.64  15.86  15.96  16.03  16.01  15.80  16.27  14.88  14.96  16.08  14.76  14.74  14.19  14.65  13.93  14.44  15.84  16.27  17.17  16.40  15.05  14.59  15.53  16.46  16.69  15.06  14.88  14.28  15.13  15.74  14.17  12.59  12.63  12.43  11.16  10.60  12.03  13.45 
1598  14.53  16.97  16.66  13.55  16.79  17.84  15.61  16.68  18.37  16.40  17.21  16.68  15.43  15.86  15.08  15.60  15.17  15.49  16.88  17.40  18.37  17.91  16.63  16.20  16.63  17.54  18.14  16.76  16.27  15.44  16.75  17.34  15.80  14.58  13.50  13.38  13.23  12.48  13.66  14.66 
1598  14.87  16.87  15.86  12.00  17.44  17.75  13.84  18.43  19.12  16.26  17.99  16.11  16.88  15.43  15.36  14.98  16.07  15.42  16.28  17.82  18.52  18.64  17.66  16.70  17.15  18.00  18.85  17.37  17.12  16.16  17.10  18.07  16.51  15.27  13.77  13.98  13.61  12.61  14.13  14.96 
1598  15.02  16.80  15.33  13.31  17.69  17.36  14.57  19.13  18.79  16.91  18.06  16.31  17.64  14.51  15.42  15.73  16.01  16.04  17.04  17.62  18.95  18.99  18.66  17.62  17.58  18.66  19.04  18.61  17.60  16.70  17.56  18.60  17.36  16.31  14.44  14.58  13.70  12.91  14.94  15.66 
1598  15.22  16.64  14.88  14.49  17.90  17.03  16.49  19.38  18.14  17.72  17.85  17.37  17.79  15.66  15.70  15.56  15.71  16.26  16.74  17.84  18.69  19.27  19.28  18.62  17.92  19.16  19.60  19.40  18.78  17.33  17.86  19.47  18.23  17.37  15.46  14.45  13.99  13.00  15.17  15.81 
1598  15.32  16.43  14.04  15.29  17.96  16.53  17.48  19.24  16.88  18.20  17.25  17.86  17.44  16.54  15.57  15.27  15.79  15.96  16.35  17.81  18.15  18.91  19.88  18.99  18.25  19.07  19.69  19.78  19.03  17.37  17.78  19.61  18.32  17.75  15.90  14.86  13.47  12.97  15.13  15.41 
1598  15.45  16.36  13.77  15.91  17.94  16.01  18.06  19.04  16.35  18.27  16.48  17.87  16.66  16.71  14.81  14.94  15.77  15.59  15.85  17.44  17.61  18.69  19.78  19.78  18.69  19.23  19.69  20.23  19.05  18.24  18.34  19.50  18.99  18.03  16.41  15.11  13.94  13.28  15.14  15.44 
1598  15.51  16.39  13.55  16.20  17.97  15.77  18.41  18.94  16.23  18.05  15.92  17.72  16.09  16.61  14.23  14.43  15.71  15.44  15.73  16.92  17.11  18.06  19.74  19.72  18.96  18.99  19.88  20.37  19.30  18.69  18.46  19.51  19.05  18.06  16.63  15.18  13.64  13.35  14.56  14.58 
1598  15.65  16.52  13.31  16.37  18.15  15.79  18.68  19.08  15.94  17.55  15.44  17.60  15.87  16.52  14.11  14.60  15.69  15.24  15.64  16.58  16.83  17.24  19.02  19.80  19.57  19.34  19.86  20.32  19.90  18.68  18.56  19.61  19.15  18.04  16.80  15.02  13.61  13.47  14.56  14.55 
1598  15.73  16.60  13.84  16.49  18.34  16.19  18.89  19.31  15.49  16.79  15.08  17.42  15.83  16.35  14.15  14.48  15.66  15.30  15.50  16.30  16.36  16.53  18.09  19.96  19.92  19.44  19.49  20.20  20.00  18.74  18.34  19.62  19.16  18.25  17.25  15.13  13.94  14.40  15.01  14.60 
1598  15.84  16.75  13.88  16.64  18.53  16.50  18.96  19.41  15.17  15.68  14.55  17.01  15.57  15.97  13.96  14.36  15.66  15.16  15.20  16.14  16.16  16.02  17.38  19.59  19.83  19.55  19.17  19.97  19.86  18.60  18.22  19.48  18.93  17.97  17.32  15.32  14.31  14.58  15.00  14.34 
1598  15.80  16.83  14.36  16.48  18.71  16.84  18.50  19.31  15.51  14.69  13.32  16.08  15.13  15.21  13.70  14.37  15.05  14.81  14.74  15.60  15.34  15.47  16.51  18.78  19.59  19.32  18.82  19.53  19.68  18.44  17.77  18.70  18.68  17.90  17.33  14.98  14.00  14.37  14.49  13.74 
1598  15.75  16.72  14.48  16.56  18.74  17.11  17.86  18.93  15.79  14.08  13.14  15.44  14.71  15.03  13.67  14.06  14.76  14.61  14.42  14.94  14.84  14.92  15.88  17.82  19.14  19.38  18.73  19.52  19.66  18.46  17.79  18.58  18.40  17.58  16.96  14.79  13.83  14.06  14.21  13.55 
1598  14.61  15.62  14.25  16.09  17.77  16.48  16.74  17.64  15.22  13.03  12.06  14.29  13.54  14.06  12.96  13.38  13.75  13.60  13.85  13.90  13.77  13.85  14.66  16.36  18.01  18.55  17.73  18.41  18.87  17.54  17.05  17.92  17.68  16.27  15.93  14.58  12.97  13.07  13.27  12.69 
