3840 Reading mfc file: logspec/EY_full/j960522a_72155.80-7200_40filts.lspec
3840 14 frames in the file
3840  16.34  16.46  13.30  16.90  16.87  16.91  18.73  17.29  20.55  19.95  17.83  17.06  17.53  16.84  17.21  16.37  16.18  16.87  18.15  19.53  17.82  16.78  15.97  16.81  17.27  18.28  18.14  16.83  16.26  15.93  16.38  17.03  16.20  15.65  15.47  14.43  13.47  12.04  11.65  12.51 
3840  16.66  16.50  12.96  17.30  17.08  17.33  18.98  17.49  21.07  20.09  18.07  17.10  17.55  17.00  17.19  16.69  16.26  16.98  18.05  19.85  18.34  17.63  16.42  17.42  17.73  18.42  18.06  16.94  16.13  16.02  16.25  16.58  16.13  15.63  15.27  14.51  14.22  12.62  11.85  13.16 
3840  16.65  16.56  12.81  17.31  17.06  17.44  19.04  17.50  21.05  19.89  17.87  16.85  17.38  16.85  16.92  16.33  15.94  16.40  17.55  18.89  18.57  17.66  16.40  16.88  17.23  17.30  17.16  16.51  15.30  15.23  15.59  16.39  16.06  15.76  14.92  13.89  13.22  11.64  10.42  11.96 
3840  16.60  16.48  12.04  17.43  17.09  17.62  19.13  17.44  20.98  19.77  17.47  16.61  17.20  16.72  16.71  16.51  16.01  16.46  17.29  18.27  18.99  17.82  16.62  16.77  16.91  17.10  16.85  15.78  15.20  15.36  16.09  16.56  15.71  15.75  14.68  13.76  12.59  11.53  11.05  12.41 
3840  16.53  16.28  13.85  17.57  16.98  17.93  19.05  18.39  21.14  19.51  17.25  16.54  17.00  16.65  16.31  16.60  15.83  16.65  17.53  18.52  19.47  18.07  17.23  17.64  17.80  17.91  17.36  16.45  14.88  14.78  15.36  15.81  15.45  15.31  14.73  14.16  13.14  11.58  11.35  12.58 
3840  16.44  16.01  14.42  17.62  16.80  18.10  18.86  19.08  21.19  19.07  16.88  16.53  16.62  17.06  16.23  16.23  16.12  16.53  17.84  18.65  19.35  18.58  17.75  17.89  18.25  18.64  17.78  17.04  15.88  15.87  16.14  15.42  15.15  14.87  14.00  13.82  12.90  11.21  11.40  13.24 
3840  16.22  15.75  14.99  17.63  16.58  18.21  18.75  19.48  21.04  18.53  16.91  16.00  16.33  17.10  15.90  16.14  16.04  16.40  17.72  18.81  19.36  19.04  18.08  18.20  18.63  19.15  18.57  17.12  16.75  16.61  16.83  16.78  16.11  15.51  14.09  13.53  11.50  11.37  11.02  12.54 
3840  16.02  15.40  15.48  17.69  16.44  18.50  18.39  19.98  20.71  17.39  16.96  14.95  15.68  16.93  16.03  15.74  15.78  16.41  16.92  18.69  19.41  18.81  18.19  18.30  19.02  19.00  18.37  16.93  16.44  17.04  17.70  17.79  16.87  16.59  15.37  14.06  12.73  11.56  11.52  12.78 
3840  15.77  14.43  16.47  17.65  16.47  18.57  18.25  20.42  19.98  18.17  16.01  15.13  15.73  16.07  16.05  15.63  15.77  16.04  16.71  18.48  19.32  18.82  17.76  17.90  18.52  19.18  18.10  17.11  16.33  16.63  17.62  17.78  16.82  16.34  15.17  14.18  12.68  10.60  11.59  13.31 
3840  15.41  14.98  16.63  17.39  17.03  18.48  18.78  20.30  20.17  17.45  16.61  14.99  15.01  15.71  15.81  15.48  15.53  16.09  16.76  18.15  19.28  18.59  17.93  18.27  18.99  19.09  18.26  16.66  16.39  16.84  17.39  17.53  16.71  16.55  14.64  13.49  12.63  11.48  11.11  12.64 
3840  15.69  15.38  16.43  17.56  16.57  18.28  19.33  19.12  19.28  17.24  16.30  14.35  14.75  15.47  15.29  15.35  15.22  15.87  16.39  17.85  18.81  18.44  17.45  17.52  18.20  18.69  17.31  16.19  15.46  15.93  17.11  17.19  16.22  15.89  14.16  13.47  11.92  10.27  10.90  12.23 
3840  15.16  15.35  17.10  16.32  16.89  18.09  18.52  18.85  19.05  16.77  14.73  14.47  13.75  15.02  14.78  14.81  14.96  15.32  15.82  17.29  18.45  17.98  16.80  17.07  17.93  18.57  16.69  15.55  14.80  15.15  16.37  16.32  14.87  14.38  12.78  11.72  11.24  10.40  10.70  11.80 
3840  14.56  16.40  16.58  15.92  17.10  18.89  19.52  18.88  18.48  17.30  14.93  14.98  14.57  15.50  15.37  15.73  15.74  15.88  16.55  17.81  18.99  18.65  17.38  17.40  18.43  18.96  17.08  15.51  15.17  15.45  16.24  16.47  15.00  13.97  12.11  11.79  11.78  10.81  11.71  13.01 
3840  13.77  14.86  14.77  15.40  15.65  17.16  18.17  17.28  16.84  15.19  13.96  13.28  13.68  13.99  13.86  13.78  13.58  13.97  14.90  15.81  16.98  16.69  15.46  15.83  16.72  17.14  15.43  14.43  13.68  14.67  15.40  15.45  15.01  14.31  13.47  12.24  11.31  10.49  10.67  11.54 
