1598 Reading mfc file: logspec/EY_full/j960531c_77271.80-7200_40filts.lspec
1598 11 frames in the file
1598  14.88  17.54  17.72  14.96  16.93  19.17  17.63  14.51  18.37  17.41  17.00  17.90  15.68  17.38  14.94  15.75  15.38  16.18  17.10  16.96  20.02  19.56  18.82  17.81  18.19  19.76  19.79  17.69  17.08  17.04  18.22  17.70  15.67  14.67  15.71  15.20  11.89  12.64  14.65  13.51 
1598  14.34  17.60  17.84  14.88  16.66  19.28  17.76  13.76  18.58  17.73  17.02  18.23  15.18  17.32  14.98  15.95  15.35  16.20  16.60  16.54  18.63  19.79  19.97  18.74  18.58  19.79  21.06  19.32  18.04  17.55  18.75  18.52  17.07  15.63  15.92  15.54  12.16  12.80  15.16  14.38 
1598  14.32  17.49  17.92  15.06  16.46  19.30  18.01  12.97  18.64  17.97  16.78  18.26  15.09  17.07  15.22  15.96  15.14  16.10  16.15  16.47  18.05  19.28  19.59  19.53  19.12  19.57  21.18  19.98  18.61  17.90  18.57  18.86  17.77  16.49  16.51  15.76  12.51  12.68  15.30  14.75 
1598  14.02  17.49  17.95  15.15  16.28  19.35  18.18  13.26  18.75  18.15  16.57  18.31  15.38  16.94  15.49  15.80  15.05  16.07  15.79  16.29  17.69  18.76  19.27  20.17  19.47  19.45  20.99  20.12  18.76  18.17  18.57  19.07  18.09  17.03  16.70  16.04  12.89  13.27  15.48  15.02 
1598  13.68  17.48  18.09  15.38  16.00  19.43  18.56  13.85  18.70  18.36  15.99  18.21  15.72  16.56  15.63  15.85  15.29  16.09  15.50  16.50  17.34  18.23  18.98  20.44  19.77  19.59  20.87  20.43  19.03  18.41  18.67  19.41  18.39  17.61  16.95  16.47  13.44  13.47  15.26  15.09 
1598  13.36  17.40  18.26  15.72  15.45  19.59  19.03  15.83  18.49  18.42  15.43  18.00  16.23  16.11  15.89  15.52  15.58  15.87  15.24  16.29  16.76  17.62  18.90  20.74  20.29  19.84  20.76  20.69  18.90  18.61  18.79  19.77  18.73  17.60  16.68  16.70  13.80  14.35  15.78  15.51 
1598  13.05  17.36  18.44  16.12  15.12  19.81  19.53  13.29  18.08  18.28  13.13  17.32  16.18  15.68  15.97  15.33  15.85  15.82  15.51  16.63  16.49  17.08  18.55  20.60  20.54  20.13  20.63  20.69  18.76  18.44  18.48  19.80  18.95  17.70  16.74  16.35  14.27  14.88  16.09  15.76 
1598  12.79  17.34  18.58  16.36  14.69  20.00  19.88  14.03  17.30  17.64  12.23  16.88  16.08  15.10  15.75  14.75  15.60  15.54  15.63  16.27  16.18  16.88  17.81  20.23  20.48  20.29  20.60  20.42  18.64  18.39  18.55  19.34  18.73  17.79  16.57  15.42  14.39  15.00  15.68  15.32 
1598  12.40  17.26  18.68  16.72  14.35  20.17  20.33  15.23  15.91  16.59  12.16  16.68  16.36  14.22  15.39  13.61  14.99  14.95  15.50  15.31  15.32  16.45  17.09  19.72  20.46  20.58  20.33  19.91  18.62  17.89  18.33  19.13  18.81  17.91  16.18  15.79  14.40  14.70  15.55  15.26 
1598   9.79  17.10  18.79  17.19  13.44  20.21  20.70  16.87  14.12  15.13  11.76  16.27  16.69  12.37  14.39  12.78  14.95  14.15  15.57  14.52  14.82  16.57  16.38  19.09  20.72  20.29  20.17  19.57  18.40  18.03  18.18  18.87  18.69  17.70  16.65  15.95  14.03  14.18  14.62  15.60 
1598  13.15  16.52  18.07  17.18  15.15  19.47  20.17  17.91  13.37  12.82  11.18  14.90  15.95  13.52  12.47  11.49  13.92  13.52  14.67  13.74  14.75  15.72  16.15  18.10  20.12  19.29  19.42  18.99  17.61  16.98  17.21  18.17  17.63  16.86  15.60  15.32  13.59  13.69  13.61  14.89 
