591 Reading mfc file: logspec/EY_full/j960617_86927.80-7200_40filts.lspec
591 10 frames in the file
591  15.87  17.27  16.56  17.22  17.99  18.89  16.84  14.79  14.81  13.43  12.79  13.80  13.53  13.22  13.58  13.99  14.04  14.88  15.43  17.11  18.73  17.88  16.98  17.83  18.44  16.71  16.03  16.42  18.04  18.35  16.91  13.60  13.09  13.94  13.43  12.42  13.11  13.68  13.75  13.00 
591  16.00  17.38  16.24  17.21  18.23  18.86  17.99  15.67  14.73  14.07  13.24  13.57  13.43  13.82  13.90  14.09  14.26  15.16  15.83  17.03  18.88  18.54  17.65  18.09  18.89  17.79  17.31  17.46  18.94  19.18  17.58  13.46  13.04  13.43  13.06  12.56  13.22  13.27  13.91  13.90 
591  16.04  17.26  16.13  16.81  17.88  18.01  18.46  16.30  14.91  14.49  13.33  12.88  13.59  13.88  13.85  14.06  14.15  14.56  15.45  16.55  18.71  18.89  17.85  18.28  18.98  18.06  17.75  17.52  18.77  19.42  18.05  13.74  12.98  13.90  13.11  12.95  13.77  13.98  15.36  14.80 
591  16.12  17.17  16.22  16.59  17.85  18.36  18.61  16.15  15.07  14.35  13.39  13.50  14.14  13.83  13.88  14.16  14.62  14.78  15.35  16.37  18.45  19.03  18.16  18.06  18.85  18.37  17.56  17.34  18.59  19.27  17.99  14.48  12.35  13.92  13.18  12.68  13.82  13.50  14.96  15.66 
591  16.27  17.09  16.22  16.60  17.83  18.32  18.46  15.86  14.96  14.31  12.90  13.39  13.63  13.75  14.06  14.12  14.19  14.55  15.00  16.15  18.20  19.27  18.40  18.34  19.28  18.37  17.28  17.42  18.72  19.07  17.70  13.95  12.43  13.93  13.62  12.29  13.02  13.99  15.16  15.22 
591  16.41  17.03  16.35  16.64  17.76  18.05  18.02  15.50  14.42  13.52  12.62  12.99  13.45  13.70  13.83  14.08  14.29  14.38  14.95  15.20  17.45  19.35  18.92  18.14  18.83  18.78  17.99  17.93  19.33  19.33  17.68  13.93  12.76  13.00  12.90  12.34  12.79  14.52  15.62  15.36 
591  16.35  17.01  16.24  16.52  17.73  17.67  17.43  15.23  14.05  13.53  12.74  12.80  12.95  13.27  13.24  13.20  13.50  14.06  14.32  14.91  16.72  18.87  18.87  18.34  18.96  18.73  18.12  18.07  19.33  19.16  17.58  13.38  12.38  13.32  13.20  11.85  12.51  14.37  15.49  14.87 
591  16.13  16.89  16.00  16.40  17.72  17.42  16.87  15.09  13.45  13.17  12.38  12.92  12.77  13.27  13.29  13.60  13.30  13.89  14.47  15.06  16.52  18.71  18.90  18.59  18.91  18.15  17.60  17.95  19.25  19.01  17.32  13.20  11.82  13.91  13.43  12.73  12.69  13.75  14.73  14.29 
591  15.84  16.77  15.76  16.51  17.68  17.31  16.34  14.84  13.21  12.90  11.80  12.38  12.19  12.66  13.10  13.43  13.18  13.58  14.43  15.01  16.62  18.67  18.74  18.70  18.74  17.28  17.00  17.62  19.10  18.62  16.85  12.62  11.69  13.21  13.25  12.18  12.47  13.17  13.89  14.00 
591  15.51  16.08  16.01  16.65  17.22  16.94  16.06  14.44  13.01  12.45  11.52  11.51  11.31  11.74  12.23  12.71  13.05  13.59  14.15  14.72  17.07  18.17  18.31  18.77  17.74  16.24  16.01  17.02  18.16  16.98  14.41  12.28  11.07  12.54  12.46  11.32  11.55  13.09  13.42  13.29 
