591 Reading mfc file: logspec/EY_full/j960618b_88123.80-7200_40filts.lspec
591 9 frames in the file
591  15.06  16.49  15.95  16.92  17.63  17.79  18.65  17.26  15.85  14.80  12.83  11.99  13.08  13.27  13.06  12.85  12.69  12.74  14.00  14.75  14.95  15.75  15.71  16.58  17.65  17.40  16.07  15.62  16.22  16.98  16.68  16.63  14.64  12.69  11.95  12.64  14.30  12.77  13.39  13.39 
591  15.41  16.87  16.24  17.23  17.68  18.57  19.41  18.13  16.46  15.29  13.42  13.22  14.01  14.11  13.89  13.60  13.43  13.54  14.67  15.38  15.86  17.34  17.90  17.46  18.13  17.85  17.01  16.90  17.31  17.57  16.26  15.42  13.68  12.80  11.64  12.39  14.26  13.51  12.78  12.67 
591  15.79  17.27  16.57  17.59  18.06  18.37  19.20  18.27  16.53  15.14  14.00  13.37  14.08  14.52  14.12  14.02  13.73  13.81  14.70  15.30  15.79  17.06  18.31  18.17  18.57  18.39  17.04  16.77  16.84  17.44  16.64  16.49  15.44  13.18  12.41  12.33  14.44  14.55  13.75  14.08 
591  16.14  17.50  16.93  17.79  18.29  18.55  19.04  17.48  15.90  14.64  14.07  13.45  14.47  15.06  14.74  14.36  13.94  13.60  14.23  14.75  15.36  17.38  18.92  19.20  19.82  19.65  17.85  17.30  18.01  18.18  17.87  18.01  16.58  12.88  11.34  12.21  14.99  14.36  13.31  13.94 
591  16.42  17.68  17.33  18.13  18.77  18.95  18.59  17.02  15.84  14.13  14.06  13.64  14.17  14.31  14.05  13.72  12.85  13.15  13.93  14.92  15.46  17.12  18.39  18.00  18.27  18.62  17.69  17.95  17.92  18.02  17.44  17.26  14.98  13.23  12.86  13.69  15.60  14.98  14.17  14.77 
591  16.53  17.77  17.60  18.52  19.08  19.35  16.89  16.33  15.75  14.01  13.60  13.73  14.36  14.28  13.35  12.55  12.31  12.93  13.12  14.39  14.78  15.78  17.90  17.48  18.23  18.29  17.11  16.66  17.67  17.86  16.30  16.59  15.38  13.62  12.33  12.34  13.91  13.47  14.51  14.86 
591  16.67  17.82  17.93  19.01  19.16  19.51  16.65  15.51  15.32  14.04  13.15  13.15  13.47  13.84  13.20  13.11  13.31  13.31  13.08  13.67  13.39  14.41  17.25  17.42  18.04  17.99  17.13  17.17  17.87  18.03  16.84  16.57  14.54  12.34  11.71  11.85  13.87  12.62  13.54  14.47 
591  16.77  17.81  18.22  19.33  18.85  18.96  16.77  15.20  14.74  13.76  12.40  12.89  12.49  13.05  11.95  12.07  12.33  12.86  12.91  12.09  11.88  12.88  15.60  17.66  18.83  18.84  17.31  17.16  17.33  17.90  17.10  16.95  15.07  12.58  12.12  12.09  14.22  12.93  13.44  14.36 
591  17.06  17.69  18.00  19.02  18.53  17.38  16.39  14.96  14.20  13.29  12.21  12.61  12.46  12.76  11.98  11.72  11.31  11.88  12.24  12.33  11.40  11.79  14.95  16.48  17.48  17.76  16.22  16.61  17.13  17.43  16.14  15.09  13.99  13.09  12.58  12.98  13.78  13.09  12.68  12.82 
