3840 Reading mfc file: logspec/EY_full/j960522a_72149.80-7200_40filts.lspec
3840 11 frames in the file
3840  16.78  16.68  15.27  19.11  18.99  17.51  18.93  16.96  19.20  18.20  17.14  15.79  12.66  14.59  14.54  14.54  13.17  13.32  13.71  13.91  14.95  15.28  15.95  17.50  18.32  19.11  18.94  18.34  16.89  17.57  17.99  16.76  15.41  16.07  15.72  13.91  12.45  10.95  10.78  12.21 
3840  16.91  16.79  14.57  19.22  18.99  17.56  19.03  16.81  19.65  18.55  17.26  15.85  13.19  14.88  14.85  14.83  13.50  13.44  13.61  14.15  14.93  15.20  16.01  17.42  18.52  19.24  20.03  19.11  16.95  17.34  18.02  17.33  15.87  16.08  16.00  15.41  13.52  13.03  11.49  11.97 
3840  16.90  16.79  14.20  19.17  18.92  17.46  19.14  16.99  19.75  18.71  17.26  15.96  13.25  14.92  15.10  14.97  13.70  13.49  14.17  14.11  14.70  15.36  15.44  17.27  18.13  19.14  20.05  19.54  16.96  17.32  18.28  17.75  16.72  16.64  16.11  15.49  13.29  12.22  11.60  11.61 
3840  16.86  16.77  14.75  19.15  18.94  17.65  19.22  16.98  19.78  18.73  17.20  15.84  13.52  15.06  15.16  15.10  13.72  13.82  14.01  14.03  14.72  15.03  15.15  16.88  17.99  19.10  19.92  19.55  17.54  17.58  18.26  17.86  16.39  16.44  16.22  16.03  13.81  12.60  11.89  11.87 
3840  16.84  16.73  14.54  19.14  18.90  17.75  19.35  17.06  19.77  18.71  17.20  15.86  13.85  14.82  15.02  15.32  14.04  13.99  14.35  14.44  15.02  15.55  16.17  17.26  17.16  18.82  19.83  19.48  17.76  18.00  18.88  18.12  16.59  16.94  16.43  15.91  14.31  12.33  11.60  12.26 
3840  16.78  16.55  15.06  19.15  18.80  18.09  19.37  17.12  19.82  18.52  17.36  15.69  14.05  14.79  14.64  15.40  13.88  13.95  14.44  14.78  14.90  15.75  16.56  17.78  16.86  18.32  19.37  19.25  17.40  17.93  18.92  18.69  16.70  16.89  16.25  15.42  14.17  12.15  11.54  12.09 
3840  16.74  16.49  14.93  19.14  18.71  18.22  19.44  17.13  19.75  18.29  17.31  15.49  13.89  14.45  14.33  15.21  13.81  13.96  14.53  14.93  14.70  15.64  16.51  17.87  16.95  18.36  19.13  19.09  17.68  18.14  18.96  18.48  16.84  16.82  16.45  15.32  13.95  12.07  11.86  12.46 
3840  16.72  16.48  15.22  19.12  18.66  18.41  19.49  17.12  19.58  18.01  17.16  15.22  13.59  14.41  14.05  14.87  13.53  14.10  14.59  14.89  14.70  15.72  16.77  17.92  17.04  18.29  19.18  19.02  17.98  18.20  18.91  18.34  17.05  16.70  16.10  15.15  13.48  12.01  11.21  11.99 
3840  16.81  16.55  14.65  19.07  18.69  18.38  19.70  17.19  19.44  18.02  16.85  15.20  13.43  14.29  14.19  14.91  13.47  13.89  14.33  14.50  14.58  15.59  16.69  18.13  17.20  18.50  19.55  19.29  17.45  18.27  19.04  18.48  16.73  16.39  15.86  15.15  13.50  12.18  10.85  11.21 
3840  16.73  16.64  15.01  18.99  18.66  18.45  19.74  17.26  19.39  18.09  16.55  14.96  13.53  14.73  14.53  14.72  13.47  13.95  14.21  14.07  14.89  15.32  16.67  17.73  17.55  18.80  19.67  18.72  17.25  17.57  18.49  17.76  16.31  16.55  16.01  15.63  13.51  11.79  10.84  11.38 
3840  16.02  15.91  15.47  18.21  18.05  18.03  19.05  17.35  18.73  17.59  15.52  14.30  12.52  14.25  14.09  13.80  12.90  13.39  13.43  13.25  14.14  14.28  15.58  16.29  16.97  18.45  19.13  17.53  16.65  17.20  17.54  16.88  15.52  15.60  14.45  13.43  11.36  10.74  10.98  10.95 
