3840 Reading mfc file: logspec/EY_full/j960522a_72201.80-7200_40filts.lspec
3840 14 frames in the file
3840  16.60  16.61  14.86  18.64  18.82  16.92  18.37  17.01  19.51  18.80  16.96  16.04  14.19  14.96  15.39  15.15  14.52  14.47  14.91  15.68  16.53  17.20  18.66  18.27  18.58  18.41  18.25  17.13  16.76  17.10  18.01  17.92  17.07  16.39  15.58  14.24  13.32  11.97  10.20  11.55 
3840  16.85  16.89  13.88  18.87  18.95  16.60  18.57  16.73  19.90  19.25  17.22  16.43  14.83  15.38  16.04  15.40  14.82  14.71  15.13  15.86  16.04  16.59  18.85  18.66  18.83  18.66  19.16  17.78  17.68  17.51  18.52  18.78  18.03  16.83  15.99  14.75  13.75  11.70  10.66  11.54 
3840  16.85  16.81  13.94  18.91  18.88  16.56  18.50  16.60  20.02  19.27  17.35  16.41  14.87  15.43  15.94  15.40  14.81  14.78  15.16  15.72  15.88  16.34  18.50  18.83  18.66  19.04  19.42  18.70  18.17  17.90  18.40  18.93  18.12  16.94  16.55  15.28  13.77  11.66  10.29  12.30 
3840  16.85  16.79  14.11  18.95  18.91  16.65  18.52  16.55  20.06  19.28  17.49  16.51  14.77  15.46  15.93  15.35  14.87  14.87  15.19  15.39  15.93  16.08  18.38  18.67  18.66  18.96  19.68  18.96  18.51  18.00  18.57  19.05  18.06  16.74  16.03  15.17  14.02  12.20  11.34  12.06 
3840  16.85  16.73  13.90  19.02  18.91  16.76  18.58  16.56  20.03  19.18  17.56  16.49  14.65  15.40  15.73  15.39  14.73  14.74  14.90  15.24  15.68  15.62  17.83  18.64  18.46  18.64  19.53  18.93  18.15  17.67  18.53  18.90  17.45  16.95  15.83  15.60  13.85  12.52  11.03  11.95 
3840  16.74  16.72  14.33  19.08  18.88  17.00  18.60  16.72  20.04  19.03  17.73  16.41  14.37  15.20  15.39  15.49  14.66  14.62  14.90  15.25  15.59  15.82  17.33  18.97  18.15  18.26  19.65  18.90  17.61  17.37  18.36  18.90  17.42  16.61  15.59  15.63  13.97  12.16  10.67  12.26 
3840  16.69  16.34  14.90  19.09  18.65  17.36  18.47  17.07  20.03  18.60  17.89  16.01  14.41  14.85  14.71  15.19  14.51  14.38  14.77  15.12  15.52  15.98  17.89  19.26  18.08  18.57  18.79  18.01  16.85  16.96  17.86  18.37  17.33  16.39  15.71  15.41  13.70  11.28  10.59  12.22 
3840  16.44  16.10  15.43  19.00  18.30  17.60  18.34  17.84  19.98  18.01  17.89  15.35  14.33  14.53  14.19  14.85  14.42  14.18  14.71  15.17  15.77  16.30  18.39  19.50  18.97  19.43  18.52  17.84  16.20  16.13  17.28  18.08  17.38  16.94  15.52  14.94  13.00  12.07  11.01  12.37 
3840  16.35  15.96  15.58  18.91  18.07  17.78  18.36  17.87  19.73  17.57  17.76  15.04  13.86  14.01  13.87  14.56  14.10  13.76  14.67  15.14  15.67  16.24  18.17  19.57  19.32  19.57  18.98  18.62  16.59  16.50  17.29  18.05  17.25  17.22  15.70  15.48  14.01  12.32  11.48  12.04 
3840  16.37  16.02  15.40  18.87  18.10  17.95  18.64  17.33  19.38  17.39  17.55  14.87  13.45  13.80  13.54  14.32  13.83  13.92  14.37  14.95  15.58  16.16  18.19  19.61  19.31  18.98  18.61  18.30  16.34  16.25  17.49  18.16  17.46  17.17  16.01  15.51  13.33  11.52  11.58  11.92 
3840  16.40  16.15  15.05  18.89  18.30  18.20  19.09  16.81  19.00  17.29  17.14  14.88  13.23  13.63  13.38  14.15  13.61  13.90  14.40  14.79  15.48  16.07  18.06  19.39  19.31  19.16  18.43  18.24  16.10  16.31  17.59  17.97  17.06  16.91  15.93  15.14  13.55  11.21  11.25  11.78 
3840  16.50  16.39  14.64  18.92  18.56  18.48  19.51  16.61  18.53  17.11  16.44  14.54  12.48  13.51  13.26  13.88  13.48  13.45  14.00  14.68  15.47  15.52  17.62  19.06  18.81  18.49  17.69  16.56  15.46  16.39  17.68  17.88  16.74  16.52  15.14  14.70  13.53  11.42  11.07  11.86 
3840  16.57  16.57  14.45  18.92  18.78  18.57  19.75  17.20  17.70  16.75  15.14  13.90  12.07  13.39  13.80  13.72  13.23  13.32  13.90  14.62  15.12  15.25  17.18  18.77  18.84  18.12  17.61  16.46  16.23  16.43  17.77  17.93  16.47  16.06  14.70  14.35  13.93  12.19  10.94  11.27 
3840  15.60  15.91  14.79  18.02  18.21  17.66  18.72  16.92  15.80  15.50  12.84  12.35  10.99  12.10  12.89  12.43  11.91  12.31  13.20  13.81  13.78  14.33  16.47  17.49  17.61  17.06  16.70  15.52  15.74  15.67  17.37  17.61  15.74  15.75  14.33  12.98  12.87  10.88  10.43  10.69 
